Average
3986037
0.0
0.08071628889422072
0.056747330098286676
0.04559927041481516
0.03851922737026363
0.03452290015882431
0.03285003561992058
0.03216162171962756
0.032377289728200045
0.03238047232559695
0.034131907541959605
0.036858290125252165
0.04350303883757116
0.05520483401200868
0.07317345162490994
0.10187302792844412
0.16795197806520787
0.23097421459373707
0.31233184903585043
0.3812274847109199
0.43139591664094395
0.48622454256159203
0.5027207570643564
0.5242242030060543
0.5452089192616336
0.5667208899616939
0.5870277759481012
0.6172666581085389
0.6423544752951714
0.6801459034236236
0.714945554802116
0.7624395442102074
0.811488616891132
0.8653598738465709
0.9203382132417531
0.9902133540470918
1.0646389891670334
1.1496041716496608
1.2466861540415943
1.3503568485955646
1.4712629355300806
1.601535119037497
1.7603246487249307
1.9288899351257374
2.1121630549919366
2.3057057195132113
2.518536690800139
2.742202355886907
2.984709010604237
3.2550764866468485
3.5332951116663356
3.847456656094272
4.157575601528482
4.470227689518958
4.8007405946521455
5.1495341964121195
5.524054684187276
5.9027448191515814
6.311352967386536
6.708350637646104
7.237862114236835
7.6917973641456205
9.539544589394314
10.378532510588904
11.223337605329547
12.430151410199468
13.250152800788925
14.00656226712879
14.75473063139983
15.598731975842457
16.524139387146153
17.397570104158433
18.221951845909405
18.98655271522133
19.69433968984826
20.423170028141794
21.03404163305134
21.614638582774617
22.137697491677628
22.37986464831108
22.627309058262057
22.635135749803354
22.4789923989069
21.889918865952314
21.027929011341868
19.89722016106142
18.511810204663988
16.938778648008512
15.377932625958689
13.841961554300283
11.466352581064509
6.374289296216353
